0 1319 2
0 3020 4
0 561 3
0 3098 1
0 8148 0
0 8338 2
0 2333 3
0 332 0
0 2059 0
0 2625 0
0 1592 0
0 2213 0
0 8413 4
0 4680 0
0 1400 0
0 4176 1
0 3741 1
0 5277 0
0 4354 4
0 6057 1
0 8438 0
0 7026 1
0 1900 1
0 7074 1
0 7791 1
0 7051 3
0 2986 0
0 2924 3
0 3013 0
0 508 0
0 6524 2
0 6054 0
0 5354 0
0 3628 0
0 246 1
0 2195 2
0 6856 3
1 3124 0
1 6871 0
1 6016 0
1 263 0
1 1051 3
1 8181 0
1 1986 0
1 3789 0
1 6503 1
1 6994 0
1 5999 2
1 4854 1
1 3855 1
1 1261 0
1 2335 0
1 4739 0
1 801 0
1 6505 0
1 1411 0
1 5045 0
1 1919 0
1 5722 2
1 4707 1
1 5826 3
1 7072 0
1 6377 0
1 4469 3
1 532 0
1 995 0
1 8491 0
1 1342 0
1 1466 0
1 3200 0
1 5325 0
1 6961 0
1 6857 0
2 1217 1
2 1564 2
2 5141 0
2 6588 0
2 256 4
2 537 0
2 3501 0
2 953 0
2 604 0
2 1304 0
2 4297 0
2 508 0
2 302 0
2 3399 3
2 6862 0
2 8516 0
2 3615 0
2 4040 0
2 2064 0
2 6678 0
2 8435 0
2 619 4
2 5645 0
2 6049 0
2 7035 2
2 808 0
2 2217 0
2 1459 0
2 6674 0
2 8171 0
2 1742 0
3 15 1
3 1922 0
3 735 0
3 1802 0
3 8472 1
3 640 2
3 2568 0
3 8229 0
3 5211 1
3 5251 1
3 7525 1
3 1294 0
3 5909 1
3 4401 1
3 4104 2
3 1597 2
3 7562 2
3 299 0
3 7225 0
3 3234 1
3 3322 1
3 4460 0
3 7073 0
3 6835 0
3 4207 0
3 6558 0
3 4938 0
3 6249 0
3 7538 0
3 8097 0
3 548 0
3 3054 0
3 5375 0
3 771 0
3 2810 0
4 5283 1
4 3300 1
4 7799 0
4 3947 0
4 1335 0
4 8339 3
4 3064 2
4 8003 0
4 7977 2
4 564 3
4 927 3
4 7313 3
4 2478 1
4 963 2
4 5051 0
4 1899 1
4 2689 1
4 7812 1
4 8153 3
4 8198 0
4 1303 0
4 2316 1
4 3026 2
4 3729 1
4 3030 0
4 4300 0
4 4062 1
4 4568 0
4 2961 0
4 2738 0
4 8279 1
4 6216 1
4 2740 0
4 818 0
4 36 1
4 7473 0
4 7130 0
4 1632 1
4 5389 0
4 8375 2
4 4429 2
5 5709 1
5 7411 2
5 139 0
5 5038 0
5 5657 2
5 5197 2
5 6158 0
5 8339 2
5 7453 2
5 8444 1
5 4745 3
5 8358 1
5 713 0
5 3612 3
5 4280 4
5 6527 3
5 8073 3
5 2981 2
5 5238 2
5 7830 0
5 5946 1
5 8290 1
5 1335 1
5 2334 1
5 2240 1
5 4130 1
5 8161 0
5 5089 0
5 5846 0
5 6216 1
5 4230 1
5 6708 2
5 3044 1
5 348 2
5 7022 0
6 5111 1
6 5641 0
6 2934 1
6 1541 1
6 6718 0
6 8415 0
6 2626 0
6 833 0
6 5634 4
6 6008 3
6 4835 3
6 7334 2
6 2185 0
6 3098 2
6 6847 3
6 2137 3
6 7117 4
6 3108 3
6 242 0
6 6129 3
6 2945 1
6 6484 0
6 4974 2
6 1468 1
6 1379 1
6 6990 0
6 4921 1
6 6998 0
6 6241 1
6 8522 0
6 7398 0
6 5710 0
6 1940 0
6 7545 1
6 4946 0
6 3273 0
6 4252 1
6 1892 0
6 663 0
7 5361 0
7 1958 0
7 2974 1
7 4898 0
7 2026 0
7 7015 0
7 3860 2
7 7660 0
7 2391 2
7 6336 0
7 2631 4
7 5423 2
7 4628 2
7 4792 4
7 641 0
7 337 0
7 5740 4
7 5141 0
7 8102 3
7 5651 0
7 7805 0
7 3940 0
7 8197 0
7 6130 0
7 3663 0
7 7998 0
7 8243 0
7 7003 0
7 1839 0
7 1069 0
7 4453 0
7 4942 0
7 618 0
7 1835 0
7 5474 2
7 585 0
8 6765 0
8 4041 0
8 5557 0
8 1817 0
8 1026 0
8 8391 0
8 7657 0
8 4013 0
8 3931 0
8 7548 0
8 4030 1
8 7143 2
8 1878 0
8 1065 3
8 7180 0
8 8101 3
8 2678 0
8 7746 1
8 240 3
8 7062 0
8 2145 3
8 5825 0
8 7793 1
8 8106 0
8 8384 0
8 484 0
8 588 0
8 589 0
8 189 0
8 8382 0
8 4349 0
8 7846 0
8 1347 0
8 4965 0
9 952 0
9 8263 0
9 6754 0
9 3103 4
9 3933 1
9 7422 0
9 5606 0
9 7832 1
9 2671 0
9 4113 0
9 1429 1
9 4986 1
9 1696 0
9 292 1
9 3679 1
9 8378 0
9 256 0
9 332 4
9 7331 1
9 6046 2
9 4211 0
9 4605 0
9 171 0
9 4680 0
9 2195 3
9 2778 0
9 749 1
9 2969 0
9 1695 1
9 1430 1
9 2093 2
9 1668 0
10 4206 0
10 822 0
10 7667 0
10 9 3
10 4610 0
10 7267 0
10 4339 0
10 8160 0
10 4051 0
10 4105 0
10 3077 0
10 4414 0
10 3692 0
10 6899 0
10 2669 3
10 5957 0
10 3741 1
10 6709 0
10 6712 3
10 1311 0
10 7961 3
10 4989 1
10 5695 3
10 6826 0
10 7345 3
10 1335 1
10 3973 0
10 2813 1
10 7095 1
10 7001 0
10 3735 0
10 4303 0
10 1922 0
10 6802 2
10 345 0
10 1887 0
10 111 0
11 7140 0
11 5133 0
11 4907 1
11 8195 0
11 6483 1
11 1596 1
11 8258 2
11 5500 3
11 354 2
11 3499 0
11 887 0
11 6405 0
11 5188 3
11 1639 1
11 4729 0
11 4788 1
11 6667 0
11 8305 0
11 6392 0
11 1324 0
11 6002 3
11 6597 1
11 41 0
11 4829 1
11 1936 3
11 2101 1
11 4633 1
11 7382 2
11 6751 0
12 6077 0
12 4977 0
12 6964 0
12 1618 0
12 1371 0
12 6951 0
12 1774 0
12 5374 0
12 3566 0
12 7761 0
12 3339 0
12 8052 3
12 7335 0
12 4607 0
12 576 0
12 2202 0
12 4085 1
12 2772 4
12 4388 0
12 1813 0
12 3668 0
12 1862 0
12 4820 0
12 7814 1
12 5066 0
12 1995 0
12 7950 0
12 6521 0
12 1089 0
12 6617 0
12 6142 0
12 2509 0
12 4664 0
12 4187 0
12 7710 0
12 966 0
12 3214 0
13 7292 0
13 1991 1
13 5057 0
13 1859 0
13 6129 0
13 604 0
13 4096 0
13 2299 0
13 386 0
13 5760 1
13 1119 1
13 7298 1
13 2182 4
13 3489 0
13 7392 0
13 5114 1
13 2420 1
13 4252 0
13 847 3
13 4156 0
13 6630 1
13 1328 0
13 2458 0
13 2565 0
13 3194 0
13 4821 0
13 755 0
13 5572 1
13 61 0
13 3207 0
13 7626 0
13 1681 0
13 3206 0
13 441 0
13 5789 0
14 7345 3
14 2131 2
14 5957 0
14 111 1
14 4610 2
14 4196 1
14 7260 0
14 7705 0
14 826 0
14 2813 0
14 2669 3
14 5695 3
14 3022 0
14 65 1
14 3741 3
14 5684 0
14 6712 2
14 1311 0
14 3108 1
14 7961 2
14 7867 4
14 345 0
14 7667 0
14 4221 0
14 884 0
14 5000 0
14 3510 0
14 3514 0
14 4303 0
14 272 0
14 2766 0
14 686 0
14 3142 0
15 6793 3
15 6286 1
15 3447 0
15 4899 2
15 4273 0
15 1435 0
15 3927 0
15 926 1
15 7315 0
15 8119 3
15 7039 3
15 1994 0
15 1967 1
15 7237 3
15 1367 0
15 2758 4
15 7378 0
15 7382 2
15 6716 0
15 8421 0
15 7861 2
15 8357 0
15 5242 2
15 7458 1
15 2774 2
15 2615 0
15 360 0
15 8392 0
15 3757 0
15 6433 0
16 1689 0
16 4777 0
16 1860 0
16 8021 0
16 4260 0
16 7549 0
16 2204 0
16 93 0
16 2590 1
16 7135 0
16 8320 0
16 6635 1
16 5947 0
16 3482 1
16 3935 0
16 7175 0
16 4267 2
16 5094 0
16 3559 0
16 7063 0
16 3504 0
16 2959 0
16 1434 0
16 557 0
16 3286 0
16 1552 0
16 1446 0
16 2055 1
16 3095 0
16 2702 0
16 5113 0
16 6090 1
16 8433 0
16 3181 1
16 7918 0
16 8107 0
16 7284 0
16 7478 0
16 247 0
16 1929 0
17 554 1
17 1821 3
17 527 0
17 7361 0
17 6551 0
17 5419 0
17 3603 0
17 7746 0
17 6611 0
17 6514 1
17 5640 0
17 2825 0
17 4867 0
17 4507 0
17 5680 0
17 2280 0
17 7605 0
17 6675 0
17 6532 1
17 1811 2
17 7604 1
17 6268 2
17 6890 1
17 5147 1
17 2678 0
17 5600 1
17 2482 1
17 4558 0
17 974 0
17 3753 0
17 3362 0
17 432 0
17 4504 0
17 8006 1
17 6764 1
17 7241 0
17 8351 0
17 68 0
17 2317 1
17 91 0
17 3719 1
17 4647 0
17 3023 2
18 1363 0
18 3404 0
18 906 0
18 1345 0
18 5774 0
18 8257 0
18 2957 0
18 1800 0
18 1056 0
18 4106 3
18 2133 0
18 5316 1
18 7129 0
18 881 3
18 4309 0
18 6704 0
18 5962 0
18 3434 2
18 8151 0
18 4002 1
18 5689 0
18 4653 0
18 1022 0
18 4103 0
18 639 0
18 6414 0
18 4638 0
18 2685 0
18 1383 0
18 4581 0
18 7899 0
18 6367 0
18 4424 0
18 1815 0
18 2267 0
18 7877 0
18 2877 0
19 580 3
19 6806 1
19 4285 2
19 5978 0
19 7109 0
19 1496 1
19 6996 0
19 4745 0
19 5585 0
19 8358 0
19 360 3
19 7947 1
19 4273 2
19 2703 1
19 4137 0
19 2280 0
19 2758 0
19 409 1
19 8421 0
19 7988 3
19 2839 2
19 4311 0
19 1460 1
19 1183 0
19 5948 0
19 2 2
19 8319 0
19 4694 0
19 6800 0
19 4727 0
19 4733 0
19 3016 0
19 6126 0
19 4288 0
19 2686 0
19 4054 0
19 4852 0
20 2045 0
20 5707 1
20 1753 0
20 288 0
20 1905 0
20 1477 4
20 9 1
20 8004 1
20 506 1
20 6944 1
20 1652 0
20 4726 1
20 7837 0
20 3525 0
20 4482 0
20 7879 1
20 4880 1
20 561 0
20 287 0
20 4949 0
20 3321 0
20 5107 0
20 7942 0
20 7174 0
20 6384 0
20 720 0
20 491 0
20 3789 0
20 219 0
20 5294 0
20 6612 0
20 8089 0
20 401 0
20 1763 0
20 2445 0
20 5351 0
20 3098 0
20 2795 0
20 1103 0
20 2479 0
20 792 0
20 7568 0
20 1836 0
21 8323 0
21 5545 0
21 2631 2
21 5650 0
21 7447 0
21 6437 0
21 3321 0
21 7492 3
21 6418 2
21 2571 4
21 95 1
21 1798 0
21 1069 2
21 5965 3
21 3359 3
21 74 0
21 2656 1
21 3697 2
21 825 0
21 3797 1
21 7920 0
21 7290 0
21 4098 0
21 5904 1
21 25 0
21 2497 0
21 4027 0
21 190 0
21 3709 0
21 2765 0
21 8462 0
21 2710 0
21 6679 0
21 1173 0
21 1075 0
21 6684 0
22 82 0
22 7270 1
22 7194 0
22 3489 0
22 7126 0
22 3929 0
22 4265 0
22 6929 0
22 4827 0
22 7012 0
22 8338 2
22 8413 4
22 498 2
22 2631 0
22 6008 1
22 4573 0
22 3375 3
22 65 1
22 540 1
22 2421 0
22 2924 1
22 1109 4
22 3184 3
22 2195 1
22 6084 1
22 7796 1
22 3540 1
22 5893 1
22 7547 0
22 687 2
22 2495 2
22 6439 3
22 9 1
22 6923 0
22 595 0
22 8218 0
22 2828 1
22 4441 0
22 2420 0
22 2716 0
22 6709 0
22 240 3
22 4523 1
22 3412 0
22 847 2
22 4393 2
22 1705 0
22 5255 0
23 4354 0
23 5450 0
23 4107 0
23 3530 1
23 6939 0
23 486 0
23 6959 0
23 562 0
23 704 0
23 5132 0
23 5140 0
23 6858 1
23 4231 0
23 6049 0
23 1105 0
23 1462 3
23 4302 0
23 6458 1
23 1950 1
23 2321 1
23 4088 0
23 7273 1
23 1726 0
23 656 0
23 3239 0
23 6271 0
23 3860 0
23 6199 2
23 3177 0
23 2852 0
23 7394 1
23 2475 0
23 3591 1
23 8536 1
23 5896 0
23 2393 0
23 1674 0
23 5804 0
23 7821 1
23 3415 1
23 5445 0
23 5923 1
23 106 1
23 3876 1
23 7311 0
23 377 1
23 1841 1
23 5285 0
23 5512 1
23 5898 0
23 3534 0
23 4706 2
24 3600 0
24 6001 0
24 1378 0
24 7293 0
24 3830 0
24 3019 1
24 3874 0
24 5660 0
24 3683 0
24 5363 1
24 2158 0
24 2499 3
24 2054 0
24 7735 0
24 4312 1
24 2475 0
24 2937 1
24 4879 0
24 7101 2
24 4905 1
24 6743 0
24 7206 0
24 4834 1
24 4720 0
24 2681 2
24 4124 0
24 3881 0
24 2405 0
24 5418 0
24 5329 0
24 161 0
24 2543 0
24 5529 0
24 2844 0
24 3126 0
24 1159 0
24 5088 0
24 928 0
24 5918 0
24 2134 0
24 3844 0
24 4553 1
24 3437 1
24 3351 0
24 1421 0
24 6594 0
24 1971 0
24 352 0
25 4620 0
25 271 2
25 4180 0
25 3915 0
25 3399 1
25 5132 0
25 6362 0
25 3321 0
25 5727 1
25 5904 3
25 2631 0
25 2374 0
25 5400 0
25 653 0
25 926 0
25 4792 2
25 953 0
25 1729 1
25 4139 0
25 1067 0
25 74 0
25 2419 0
25 3789 0
25 5560 0
25 2081 0
25 6982 0
25 5549 0
25 5117 0
25 3685 1
25 7784 1
25 3603 0
25 2390 0
25 4055 0
25 5330 0
25 7346 0
25 4134 2
25 8162 0
25 300 0
25 5152 2
26 7224 2
26 6069 2
26 7837 0
26 2763 1
26 2839 0
26 1584 1
26 844 2
26 3010 2
26 5882 1
26 4770 0
26 7703 0
26 1640 2
26 7857 2
26 2604 2
26 7185 1
26 1871 2
26 2758 0
26 5436 0
26 7407 0
26 5211 3
26 314 3
26 3109 2
26 6433 0
26 2 3
26 6461 2
26 4460 1
26 559 1
26 3511 1
26 8050 1
26 7484 1
26 2658 1
26 3731 2
26 501 1
26 2501 0
26 3736 1
26 1335 0
26 2385 3
26 5656 1
27 183 2
27 465 4
27 1992 2
27 7866 1
27 301 0
27 4047 0
27 7836 0
27 1724 3
27 2881 3
27 563 1
27 7660 1
27 6560 1
27 5180 0
27 5043 1
27 8427 1
27 2977 0
27 3778 1
27 6888 1
27 114 3
27 357 0
27 827 2
27 5156 1
27 1550 1
27 5523 2
27 7612 1
27 6644 0
27 6695 0
27 6893 0
27 863 0
27 3164 0
27 1932 0
27 7245 3
27 7887 2
27 8199 1
28 5025 3
28 6624 1
28 3687 1
28 3982 3
28 5873 0
28 8108 1
28 7798 0
28 107 0
28 6607 3
28 2731 4
28 3224 2
28 4657 3
28 6242 1
28 3476 0
28 1419 2
28 4639 3
28 6431 0
28 1977 2
28 8081 3
28 7134 1
28 125 1
28 8411 2
28 8379 0
28 3980 0
28 6916 1
28 5368 0
28 6763 0
28 1894 2
29 6754 3
29 4378 1
29 659 0
29 749 0
29 6206 0
29 3679 0
29 4193 0
29 6124 0
29 256 0
29 332 0
29 7331 0
29 675 0
29 6046 0
29 952 0
29 4605 2
29 3103 0
29 4211 4
29 8263 2
29 6660 1
29 8113 1
29 8315 1
29 3264 1
29 7848 1
29 3863 0
29 699 1
29 5101 0
29 7071 0
29 3212 0
29 5160 0
29 5673 0
29 5606 0
29 6154 0
29 4033 0
29 6588 0
29 4986 0
29 1668 0
30 952 1
30 6719 0
30 1319 0
30 1191 1
30 4174 0
30 3772 0
30 1206 0
30 1758 0
30 4828 0
30 2343 1
30 5372 2
30 6582 1
30 5311 0
30 2920 0
30 4113 4
30 3505 0
30 7677 2
30 8338 0
30 4560 1
30 141 0
30 1305 0
30 3758 0
30 5907 0
30 2697 0
30 332 0
30 3479 2
30 5880 1
30 7014 0
30 4697 0
30 1402 2
30 7020 1
30 3013 2
30 2227 1
30 5510 0
30 6434 0
30 8314 0
30 1336 1
30 4261 1
31 4884 0
31 2082 0
31 5902 1
31 2098 0
31 5681 0
31 7381 0
31 7023 0
31 2255 1
31 8413 3
31 6171 3
31 3897 0
31 4305 0
31 2442 0
31 6942 0
31 8055 1
31 6344 0
31 6707 0
31 6742 0
31 1009 0
31 5290 0
31 894 0
31 1996 0
31 629 0
31 8212 0
31 2504 0
31 5134 0
31 2417 0
31 3772 1
31 3105 0
31 7955 3
31 940 0
32 8193 0
32 12 0
32 6178 2
32 545 0
32 5096 1
32 3789 0
32 8403 0
32 8057 0
32 43 0
32 4275 0
32 401 0
32 1666 0
32 4055 0
32 5832 0
32 7615 0
32 1751 0
32 5164 0
32 4467 0
32 5312 0
32 3355 0
32 419 0
32 404 0
32 6927 2
32 4585 2
32 7124 2
32 3994 1
32 39 1
32 8350 1
32 7534 1
32 7628 1
32 2433 0
32 168 1
32 5181 1
32 3825 1
32 5634 0
32 5831 0
32 2274 1
32 2340 0
32 1417 0
32 2578 0
32 1574 1
32 4015 0
32 113 1
33 2766 0
33 6272 2
33 3998 0
33 2996 0
33 6190 0
33 4923 0
33 8241 1
33 3741 0
33 6238 0
33 3514 3
33 1070 0
33 2512 0
33 255 1
33 3973 3
33 1425 0
33 6712 0
33 5889 0
33 7961 0
33 8232 1
33 1887 0
33 2834 2
33 4689 1
33 5485 2
33 1381 1
33 5384 2
33 430 1
33 6240 1
33 6575 1
33 6541 2
33 4552 1
33 3892 1
33 9 0
33 4792 0
33 7704 0
33 2756 1
33 5954 0
33 5985 0
33 5960 0
33 7077 1
33 8337 1
33 6065 1
33 4531 1
33 4610 0
34 1099 2
34 3497 1
34 2016 3
34 1052 3
34 2028 1
34 4588 1
34 5445 0
34 7100 1
34 4236 1
34 5292 0
34 5009 0
34 6862 0
34 8208 1
34 921 3
34 8247 3
34 5645 3
34 8528 1
34 6943 3
34 46 2
34 2121 2
34 3773 2
34 6100 2
34 7360 1
34 3025 1
34 5257 0
34 3293 1
34 7822 1
34 8159 2
34 812 1
34 5042 1
34 7018 0
34 684 1
34 51 0
34 2311 0
34 2521 0
34 1437 0
35 493 0
35 7730 1
35 5839 0
35 3167 0
35 7197 1
35 2502 1
35 1636 0
35 1129 1
35 4377 1
35 3831 1
35 6920 0
35 8471 1
35 1093 1
35 7278 0
35 3289 0
35 5945 1
35 3005 1
35 7080 1
35 5719 1
35 6101 1
35 8515 0
35 7655 1
35 5496 1
35 4754 2
35 4878 1
35 3488 1
35 8042 1
35 6357 1
35 7266 1
35 6290 0
35 804 0
35 7542 1
35 8233 0
35 5808 0
35 350 1
36 8488 0
36 2038 0
36 2746 0
36 1092 0
36 6375 0
36 7227 2
36 2436 0
36 7397 3
36 7863 0
36 4546 0
36 6643 0
36 953 0
36 373 0
36 4446 0
36 1037 0
36 2720 0
36 904 0
36 8069 0
36 5148 0
36 1243 0
36 3807 0
36 8396 0
36 6053 0
36 7599 0
36 319 0
36 6168 0
36 8209 0
36 791 0
36 6817 0
36 6910 0
36 407 0
36 8397 0
36 4380 0
36 5237 0
36 4516 0
36 3562 0
36 5092 0
36 2035 0
36 1107 0
36 1537 0
36 6188 0
36 2589 0
36 3563 0
37 245 0
37 695 2
37 7829 0
37 689 2
37 4604 0
37 5010 0
37 2427 0
37 3535 0
37 4868 0
37 5433 0
37 2874 0
37 8149 0
37 5904 0
37 6593 3
37 1354 0
37 2572 1
37 7445 0
37 4666 0
37 7913 0
37 5618 3
37 1332 0
37 3486 3
37 356 3
37 1562 0
37 3279 0
37 2910 0
37 4475 0
37 7772 0
37 3115 0
37 1638 0
37 5579 0
37 1248 0
37 7270 0
37 7326 0
37 3481 0
37 1487 0
37 3130 0
37 5723 0
37 7568 0
37 6739 0
37 2507 0
37 3306 0
37 8342 0
37 2764 0
37 7023 0
38 7052 0
38 3650 0
38 6527 0
38 1379 0
38 1435 0
38 5000 0
38 1327 0
38 805 0
38 1425 0
38 3184 0
38 3438 0
38 4717 0
38 4053 0
38 6268 0
38 1468 0
38 4923 0
38 1477 0
38 9 0
38 6008 0
38 6868 0
38 5634 0
38 4554 0
38 7411 0
38 4880 0
38 3108 0
38 71 0
38 7559 0
38 6275 0
38 7693 0
38 2933 0
38 1467 0
38 5641 0
38 1117 0
38 4806 0
38 155 0
38 50 0
38 361 0
38 7041 0
38 4241 0
38 4827 0
38 5111 0
38 4280 0
38 4017 0
38 6847 0
38 5505 0
38 4835 0
38 959 0
38 4213 0
38 7523 0
38 847 0
38 3946 0
38 6990 0
39 4012 0
39 3448 0
39 1169 0
39 7140 0
39 7007 0
39 5445 0
39 7989 0
39 3920 0
39 5118 0
39 7260 0
39 4417 0
39 3061 0
39 2010 3
39 8090 2
39 2638 3
39 2643 0
39 1096 3
39 5619 1
39 867 4
39 1883 0
39 5240 0
39 3750 2
39 7428 2
39 4485 2
39 2215 0
39 2989 1
39 6406 0
39 6731 2
39 4893 1
39 6206 0
39 2127 0
39 2167 0
39 5680 0
39 2279 0
39 5685 0
39 3232 0
39 2706 0
39 2836 0
39 7314 0
39 8311 0
40 8043 0
40 1115 0
40 291 0
40 3908 0
40 143 0
40 2990 0
40 7102 0
40 5342 0
40 7182 3
40 1888 0
40 3464 1
40 3217 1
40 1479 0
40 7389 0
40 2695 0
40 6175 1
40 5429 0
40 8009 0
40 1912 0
40 4840 0
40 2168 0
40 1690 0
40 2027 1
40 567 0
40 6423 1
40 3100 2
40 4913 0
40 1735 0
40 4579 0
40 1000 0
40 1658 3
40 2616 0
40 8533 0
40 6291 0
40 822 3
40 7959 0
40 6807 1
40 109 0
40 1210 0
40 3395 0
40 1954 0
40 8302 0
41 5192 4
41 8034 3
41 7503 0
41 7744 3
41 2849 0
41 1762 0
41 3948 1
41 3004 0
41 8164 0
41 2768 0
41 6827 0
41 4229 1
41 2010 0
41 7030 2
41 4710 0
41 2528 0
41 2435 1
41 5516 1
41 268 0
41 7276 1
41 4382 0
41 351 0
41 6465 0
41 7674 1
41 5720 0
42 8447 3
42 4589 1
42 1825 3
42 6039 0
42 5437 0
42 1805 3
42 1078 3
42 3500 0
42 2741 3
42 5473 3
42 3198 0
42 86 1
42 1163 0
42 4082 1
42 4952 0
42 428 2
42 4234 0
42 6691 1
42 3962 0
42 2853 0
42 1158 0
42 6512 0
42 862 3
42 4790 1
42 7441 0
42 8016 0
42 3132 2
42 6720 0
42 5068 3
43 332 0
43 6177 2
43 3103 0
43 1429 0
43 2195 4
43 2859 0
43 1301 0
43 3152 0
43 3863 0
43 256 0
43 1521 0
43 5606 0
43 6282 0
43 6046 0
43 4211 0
43 8263 0
43 3125 0
43 694 0
43 993 0
43 7766 3
43 749 0
43 675 0
43 2152 0
43 4550 0
43 6841 0
43 952 0
43 3173 0
43 4191 0
43 4454 0
43 7421 0
43 5207 3
44 864 2
44 5906 2
44 5613 3
44 680 0
44 722 0
44 3189 0
44 697 0
44 4066 0
44 8165 0
44 8130 0
44 5867 2
44 5776 0
44 5649 0
44 5013 1
44 282 1
44 5444 0
44 1480 0
44 2654 0
44 3003 0
44 1648 1
44 5916 0
44 6183 0
44 606 0
44 5847 0
44 5239 0
44 7386 0
44 1177 1
44 4198 0
45 6797 3
45 8203 4
45 3756 0
45 3401 0
45 4395 3
45 7616 1
45 1775 1
45 5407 2
45 1086 1
45 4629 4
45 6330 1
45 1843 1
45 3247 3
45 4743 0
45 4263 1
45 6783 0
45 6234 3
45 7032 0
45 227 2
45 2056 0
45 1650 0
45 63 1
45 2800 0
45 5597 1
45 3303 1
45 6810 2
45 2816 2
45 5924 0
45 5347 1
45 4115 1
45 541 0
45 2394 1
45 2012 2
45 6159 1
45 6922 2
45 4087 2
45 7011 0
45 4243 1
45 8112 1
46 553 1
46 5761 1
46 4397 0
46 7373 0
46 2183 2
46 4321 0
46 5917 1
46 2692 2
46 3225 1
46 949 1
46 2936 0
46 4881 0
46 2232 1
46 1397 0
46 7646 0
46 1221 2
46 6440 0
46 2956 1
46 6038 0
46 3961 0
46 2922 1
46 5642 0
46 7279 1
46 1222 0
46 4037 3
46 8253 0
46 712 1
46 1302 0
46 4796 0
46 4643 0
46 6152 1
46 6121 0
46 2416 0
46 8503 0
46 5443 0
46 7513 2
46 685 1
46 5058 0
46 1626 0
47 7981 1
47 4625 1
47 594 0
47 26 0
47 1974 0
47 4152 0
47 1549 0
47 6076 0
47 528 3
47 5261 0
47 5532 0
47 4473 0
47 568 0
47 4636 0
47 3137 0
47 4678 0
47 4831 0
47 6509 0
47 3509 0
47 499 0
47 3515 0
47 5537 0
47 4076 0
47 1694 0
47 5345 0
47 5204 0
47 5006 0
47 7955 0
47 2867 0
47 2940 0
47 4880 0
47 7602 0
47 7780 0
47 1274 0
47 4121 0
47 2096 0
48 1249 3
48 371 1
48 5887 2
48 8020 1
48 5 1
48 4444 1
48 1439 0
48 5130 0
48 126 1
48 6045 0
48 8038 0
48 6020 1
48 7244 1
48 960 3
48 7964 0
48 7459 0
48 6547 0
48 6339 1
48 8476 1
48 1054 0
48 6636 1
48 5456 1
48 8486 0
48 4259 1
48 998 3
48 2873 0
48 2551 0
48 2219 1
48 1499 1
48 1846 1
48 5525 1
49 971 1
49 1819 1
49 5868 0
49 7304 1
49 8489 1
49 7707 0
49 67 2
49 4149 1
49 2807 2
49 4677 2
49 2909 2
49 4889 0
49 5364 1
49 5997 0
49 5489 0
49 224 0
49 492 1
49 2446 1
49 7475 0
49 7882 1
49 667 0
49 590 0
49 5430 0
49 5135 0
49 871 1
49 5284 0
49 4526 1
49 4290 1
50 5488 0
50 8481 2
50 1290 3
50 4598 1
50 4513 0
50 4527 1
50 8286 1
50 2412 0
50 8418 2
50 3577 0
50 7552 0
50 5166 0
50 3910 1
50 4877 1
50 3631 1
50 7320 0
50 3263 1
50 4233 0
50 6863 1
50 3031 0
50 8520 0
50 3868 0
50 2644 1
50 1265 2
50 8306 1
50 2769 1
50 7215 0
50 1788 0
51 6724 1
51 645 1
51 77 0
51 2351 2
51 2949 3
51 8058 0
51 2283 0
51 2598 0
51 632 0
51 6898 1
51 7689 0
51 5610 0
51 3135 0
51 5026 0
51 3468 2
51 4326 0
51 3788 2
51 8274 0
51 5243 0
51 5672 0
51 463 0
51 3737 0
51 2278 0
51 7635 0
51 2176 0
51 5617 0
51 3911 4
51 3083 0
52 3749 0
52 4210 1
52 5964 0
52 3793 0
52 3999 0
52 6725 2
52 1031 3
52 2630 0
52 5674 0
52 4768 1
52 1543 0
52 4478 0
52 6118 1
52 4982 0
52 1777 0
52 1667 0
52 7352 0
52 5229 1
52 117 1
52 3791 0
52 464 1
52 6477 1
52 1617 1
52 5370 0
52 1094 0
52 1030 1
52 6182 0
52 4479 2
52 4480 1
52 306 0
52 3624 0
52 5506 0
52 1603 1
52 2984 0
52 2323 0
53 3073 0
53 5835 1
53 3641 0
53 8493 2
53 651 1
53 4272 1
53 3333 1
53 130 0
53 2014 1
53 767 1
53 5426 0
53 218 0
53 1146 0
53 6201 0
53 3564 1
53 2092 0
53 7827 0
53 4577 0
53 4248 1
53 5205 0
53 8401 1
53 7019 0
53 2488 0
54 3369 1
54 3816 2
54 2190 3
54 1287 2
54 2046 2
54 5397 0
54 2042 2
54 5499 0
54 1220 1
54 7133 2
54 1482 2
54 6661 1
54 5734 1
54 3298 2
54 7944 2
54 5464 2
54 3397 1
54 3028 1
54 4063 1
54 2534 1
54 396 1
54 7498 1
54 5708 2
54 649 0
54 4769 0
54 7250 1
54 7883 1
54 3659 1
55 80 2
55 7046 2
55 795 3
55 3169 3
55 2908 1
55 5067 1
55 8238 2
55 748 2
55 3966 1
55 7771 1
55 6937 1
55 4283 2
55 5561 1
55 2266 1
55 4811 1
55 3786 1
55 6231 1
55 2080 1
55 6058 0
55 1820 2
55 690 1
55 5915 1
55 8070 1
55 8174 1
55 3457 0
55 5920 3
55 1917 0
55 5522 1
55 5959 1
55 2735 1
55 8170 1
55 2307 1
55 1047 1
55 4864 1
55 2189 1
56 6687 1
56 2887 1
56 3989 1
56 2854 1
56 5438 1
56 3715 1
56 1926 1
56 4039 2
56 2704 1
56 1750 1
56 3620 1
56 5503 1
56 7247 1
56 277 1
56 7305 1
56 1669 1
56 4618 1
56 6176 1
56 6476 2
56 1325 1
56 6553 1
56 3960 1
56 5910 1
56 17 1
56 861 1
56 6379 1
56 1463 1
56 2510 1
56 1474 1
56 5008 1
56 1502 1
56 4320 1
56 5179 1
56 2879 1
56 622 1
56 4427 2
56 698 1
57 3156 1
57 4126 1
57 8425 1
57 6355 1
57 192 0
57 914 0
57 6540 0
57 6470 0
57 4807 0
57 1263 3
57 2657 0
57 1989 0
57 4530 1
57 4894 0
57 3410 0
57 6980 0
57 7625 0
57 3717 0
57 5690 0
57 766 0
57 3688 1
57 4984 0
57 2869 0
57 550 0
57 4052 0
58 5806 2
58 1982 3
58 3275 1
58 6017 2
58 943 2
58 3621 1
58 3172 0
58 6891 1
58 3253 2
58 6733 0
58 2397 0
58 846 0
58 7384 1
58 4058 1
58 1990 0
58 3829 0
58 7617 0
58 2383 1
58 3034 1
58 8075 1
58 4564 0
58 4691 0
58 7792 1
58 3211 1
58 6911 1
58 1766 1
58 5741 0
58 8015 0
58 7777 1
58 1244 0
58 3356 0
58 7970 1
58 6790 0
59 5799 1
59 6756 0
59 2886 1
59 1 1
59 6608 0
59 7051 0
59 679 0
59 2986 1
59 3609 0
59 7203 1
59 508 0
59 1375 0
59 3972 0
59 7317 1
59 6882 2
59 2117 0
59 6583 0
59 1285 0
59 6093 0
59 3407 0
59 3805 0
59 1273 0
59 5408 0
59 5655 1
59 1443 1
59 7477 1
59 2804 1
59 7670 1
59 2982 1
59 8438 1
59 1634 1
59 7456 0
60 2195 4
60 3103 0
60 332 0
60 3011 2
60 6278 2
60 6046 0
60 2640 1
60 4550 1
60 4354 0
60 6457 2
60 993 0
60 4211 0
60 8408 1
60 694 0
60 3152 0
60 2859 0
60 497 0
60 1521 0
60 5673 0
60 5606 0
60 60 0
60 4033 0
60 675 0
60 8095 0
60 5550 0
60 3301 0
60 1301 0
60 8263 0
60 3125 0
60 7047 0
61 7727 0
61 1544 0
61 3145 1
61 5864 0
61 1123 0
61 2474 1
61 3308 0
61 6259 1
61 2559 0
61 781 1
61 7171 1
61 1685 0
61 3209 0
61 4635 0
61 5881 0
61 4065 0
61 4301 0
61 1321 0
61 4204 1
61 3572 0
61 4399 0
61 715 0
61 2667 0
61 654 1
61 7274 0
61 7745 0
61 7048 0
61 2812 1
61 7607 0
62 288 0
62 1923 4
62 5230 3
62 1264 1
62 3593 1
62 2049 1
62 3281 0
62 5412 1
62 2993 1
62 5427 1
62 5231 1
62 3801 1
62 4493 1
62 6925 0
62 5798 1
62 6634 0
62 8282 0
62 6151 0
62 5625 0
62 2132 0
62 3364 0
62 1881 0
62 4172 0
62 5151 1
62 2378 1
62 3388 2
62 4390 0
62 2457 1
63 8104 1
63 2206 0
63 4079 1
63 4839 0
63 1572 0
63 1143 0
63 4227 3
63 3507 2
63 1400 1
63 6078 3
63 4020 3
63 4668 0
63 5546 3
63 1701 0
63 7252 0
63 2723 3
63 5256 0
63 669 0
63 6447 0
63 1189 0
63 1486 0
63 506 1
63 8349 0
63 4726 0
63 7243 0
63 796 0
64 215 3
64 6638 1
64 6580 0
64 1426 1
64 3015 3
64 7173 1
64 33 2
64 895 1
64 2441 1
64 6319 1
64 8422 0
64 3177 0
64 2517 0
64 4555 0
64 7906 0
64 5215 3
64 635 0
64 3430 0
64 3706 0
64 8492 1
64 922 1
64 6253 1
64 8353 0
64 7593 0
64 8120 1
64 3585 1
64 440 0
64 7958 2
64 2649 1
64 1660 0
64 1980 0
64 3466 1
64 6957 0
64 772 1
64 8023 0
64 4809 1
65 7200 2
65 597 2
65 8086 2
65 5742 4
65 3329 3
65 6237 1
65 4186 1
65 318 1
65 5616 4
65 7119 3
65 6061 1
65 3690 1
65 1012 1
65 977 1
65 4433 2
65 5416 1
65 1716 1
65 7818 1
65 362 1
65 3738 1
65 4370 1
65 4437 1
65 6010 1
65 6369 0
65 1686 0
65 5837 1
65 8039 2
65 8326 0
65 8295 1
65 3953 1
65 3722 1
65 2579 1
65 6218 1
65 4144 1
65 3652 2
65 6364 1
65 3218 1
65 798 2
65 2871 0
65 5185 1
65 2594 1
65 692 1
66 2236 2
66 7363 2
66 6748 0
66 3617 1
66 474 0
66 455 1
66 1931 0
66 3549 0
66 4575 0
66 515 0
66 5022 0
66 1837 0
66 2201 0
66 5838 0
66 1454 0
66 7178 1
66 4256 0
66 5824 0
66 2688 0
66 4461 1
66 2371 0
66 789 0
66 4973 2
66 5521 0
66 1006 0
66 4882 1
67 2823 1
67 1199 1
67 4165 1
67 7333 0
67 2860 1
67 59 0
67 3178 1
67 4257 1
67 1168 1
67 4337 1
67 7556 4
67 5112 1
67 4389 1
67 4735 0
67 159 1
67 512 1
67 2090 0
67 6281 0
67 4966 1
67 4547 0
67 2172 0
67 5609 1
67 8071 1
67 5686 0
67 4147 1
67 2840 0
67 6501 1
67 4418 1
67 4658 1
67 3919 1
67 5611 0
68 2944 3
68 5145 3
68 1849 0
68 4822 0
68 3101 0
68 3849 1
68 7716 1
68 8178 1
68 6304 0
68 3828 1
68 3131 0
68 1164 1
68 4612 0
68 1211 0
68 6792 0
68 1218 0
68 6711 0
68 1551 1
68 3699 0
68 593 0
68 2171 0
68 503 3
68 58 0
68 2304 0
68 4576 0
68 3711 0
68 3808 0
68 4477 0
68 954 0
68 1166 0
68 1948 0
68 7940 0
68 4833 0
68 7286 1
69 7855 1
69 672 0
69 2461 1
69 7897 1
69 297 1
69 4268 1
69 3358 0
69 3074 1
69 1741 1
69 8216 1
69 7258 1
69 5580 1
69 6120 1
69 4215 1
69 4611 0
69 7641 1
69 2248 0
69 6494 0
69 3760 0
69 1122 0
69 8215 1
69 2690 0
69 5976 0
69 2225 1
69 797 0
69 1698 0
70 2789 1
70 7175 3
70 8469 1
70 2084 1
70 7990 1
70 2725 1
70 6760 1
70 7038 0
70 4244 1
70 5094 1
70 2916 1
70 7951 0
70 3348 0
70 5317 0
70 3472 1
70 7135 1
70 4655 1
70 220 2
70 5637 2
70 6244 1
70 6144 1
70 4795 1
70 5209 1
70 961 1
70 3181 2
70 7478 2
70 7420 1
70 2811 1
70 7941 1
70 1142 0
71 6842 1
71 6435 1
71 2729 0
71 6207 1
71 7558 1
71 3425 2
71 1405 0
71 5333 1
71 8033 1
71 6655 1
71 8220 0
71 231 0
71 4534 2
71 8531 0
71 4315 1
71 1329 0
71 7497 0
71 3163 1
71 7082 0
71 6082 0
71 6179 1
71 5538 2
71 5653 2
71 6648 1
71 7148 0
71 2835 1
71 3324 0
71 2293 1
71 5495 0
71 3820 1
71 2948 0
72 2271 2
72 4407 2
72 6795 0
72 2676 1
72 5065 1
72 4112 1
72 3102 1
72 5781 1
72 1353 0
72 6755 0
72 8526 2
72 8464 2
72 3769 1
72 3955 2
72 5122 0
72 7494 0
72 4926 0
72 6132 1
72 2438 1
72 3070 1
72 1292 1
72 16 0
72 3921 2
72 3484 0
72 342 0
72 6776 0
72 8154 1
72 3480 0
72 8305 0
72 6462 2
72 3312 0
72 251 2
72 2806 2
72 5475 3
72 6195 1
73 1898 1
73 1140 1
73 8368 1
73 310 1
73 7524 1
73 7691 0
73 3516 0
73 1728 1
73 6705 2
73 7232 1
73 4540 0
73 2150 2
73 1441 1
73 6135 2
73 3017 1
73 934 1
73 4122 1
73 3285 2
73 2562 0
73 3864 0
73 2943 4
73 1187 0
73 7079 1
73 7621 2
73 7198 0
73 2973 0
73 2106 2
73 3014 2
73 2983 0
73 6181 0
73 5696 0
74 1547 1
74 7773 1
74 3733 1
74 1768 2
74 5559 2
74 607 1
74 8303 2
74 5635 0
74 8092 1
74 5007 0
74 7708 0
74 8194 0
74 5836 1
74 2995 1
74 6037 0
74 4498 1
74 7262 2
74 256 0
74 4861 1
74 5603 0
74 4545 0
74 2329 1
74 508 0
74 1688 0
74 2094 0
74 7869 0
74 5594 2
74 6507 1
74 4086 0
74 8405 2
74 6352 0
74 7991 0
75 8389 0
75 4732 1
75 5343 2
75 571 0
75 1747 1
75 7505 1
75 3513 0
75 8454 1
75 3645 1
75 8012 3
75 8430 1
75 4656 1
75 5508 0
75 1041 1
75 5553 0
75 3783 3
75 5019 0
75 5828 0
75 2295 1
75 5569 0
75 5138 1
75 7153 0
75 1156 0
75 5226 1
75 4662 0
75 1313 1
75 8296 0
75 8234 1
75 6086 0
75 8138 0
75 349 0
75 6360 0
75 5046 0
75 4214 0
75 2797 1
75 7668 1
76 1262 1
76 7091 2
76 1011 1
76 916 1
76 4780 1
76 6400 1
76 327 1
76 8482 1
76 809 0
76 4937 0
76 7531 1
76 4426 1
76 6654 2
76 1916 1
76 2514 0
76 4327 1
76 803 1
76 2296 1
76 5470 1
76 6894 0
76 433 1
76 3705 1
76 3885 2
76 7409 0
76 7590 1
76 4514 1
76 3347 0
76 1771 0
76 6585 0
76 2767 1
76 575 1
76 1382 0
76 1362 1
76 3278 0
76 6988 0
76 1744 0
76 8049 1
76 3526 1
76 2809 0
76 7519 0
77 5378 3
77 5668 1
77 4270 1
77 5366 1
77 6012 0
77 4901 2
77 7083 2
77 4690 1
77 8465 2
77 658 0
77 1778 0
77 4506 0
77 5981 0
77 6639 0
77 4405 0
77 8393 0
77 6877 1
77 6453 0
77 6180 0
77 389 0
77 4398 0
77 3032 0
77 6978 0
77 8249 0
77 4943 0
77 8453 0
77 799 1
78 1367 1
78 8061 0
78 2758 0
78 6793 0
78 1967 0
78 7382 3
78 7167 1
78 7170 3
78 7040 3
78 7237 0
78 1230 2
78 8040 2
78 3553 1
78 2556 1
78 8270 2
78 5475 2
78 49 2
78 2298 1
78 5082 0
78 4597 0
78 3589 0
78 127 1
78 1162 1
78 3436 0
78 1101 1
78 7037 1
78 4907 1
78 3744 1
78 1104 0
78 8266 0
78 5622 0
78 41 0
78 5054 1
78 5055 0
79 4386 3
79 3718 3
79 453 3
79 5638 3
79 6145 1
79 3059 3
79 1907 0
79 8523 0
79 6814 1
79 940 0
79 2403 0
79 1453 0
79 1770 0
79 242 0
79 4199 0
79 882 0
79 4818 0
79 1148 0
79 836 0
79 2373 0
79 6382 0
79 2091 0
79 3493 0
79 2418 0
79 8309 0
79 6958 0